1,08.10.2023 10:54:00,123,3.67,3.34,1000,0
1,07.10.2023 12:34:00,20,3.67,3.34,1000,0
1,06.10.2023 07:50:00,104,3.67,3.34,1000,0
1,06.10.2023 18:50:00,1238,3.67,3.34,1000,0
1,06.10.2023 19:54:00,256,3.67,3.34,1000,0
2,28.09.2023 15:54:004,1000,0
2,01.10.2023 10:54:00,123,3.67,3.34,1000,0
2,30.09.2023 12:54:00,75,3.67,3.34,1000,0
2,29.09.2023 13:54:00,456,3.67,3.34,1000,0
2,28.09.2023 14:54:00,13,3.67,3.34,1000,0
2,28.09.2023 15:54:00,67,3.67,3.34,1000,0
2,21.09.2023 15:54:00,67,3.67,3.34,1000,0
2,17.09.2023 15:54:00,67,3.67,3.34,1000,0
